This line is a comment block. Write whatever you want here.
This line is a comment block. Write whatever you want here.
This line is a comment block. Write whatever you want here.
This line is a comment block. Write whatever you want here.
This line is a comment block. Write whatever you want here.
This line is a comment block. Write whatever you want here.
This line is a comment block. Write whatever you want here.
956d3cb5e7cda893b5ea99e58eed674fb8497fd8d3575eca526de3de43b888e7 17 17 1712 22
fe0d2da671214c3415460b3d0aab9fa231417ab497405895d1aa2955a2d3109d 14 14 3841 1647
51b190f359ce666a9b9ef1ee8d6374170075140f115c76f0a3419f2fb9fa0e6c 27 27 2352 7
1f8e834b995a7dbec264cab7f94d03bb749d6779d0509b725a24b13f92c73d04 5 5 10334 643
4719bb66af662ddba5b8a67d03937dc84c24cdceb93a7c164843ef54b5360a2c 1 1 14715 0
29076659c5253917d1c52409a5dffcdb21cc14afd0f83c5b17326c34ba4f9ecd 1 1 5779 0
62817f1122cec6b4f6a64c894187c661e43ef358205e02696e6d3afe96cd84ae 2 2 2644 50
84b34d14ed956fd4911b04a94cceb721d073e5f8d2a46eca261814ea6e978337 0 0 0 0
e619f0d07a7f516a02bff0758f161d0e4d7efe1cde19530fc35e92aa5a423e78 0 0 0 0
16200cd52dc39e83f649f65ab82a6d9b26924317f037c161f40f481e805f0b3f 0 0 0 0
e2c262fe8b1ef5609de949abff23acf271b400624297f8aa29975545f36c44f1 2 2 3910 36
b3c27dcac00f10959f6bbdd6895526d291c93c1adf8dd98319c20d7bfe95be28 0 0 0 0
0db148c7ce827ec62ffc38bdf943e76dd835116e2c100cdffc6a4811a9169763 1 1 1 0
97e844dace2c6a0472c93390e2155667c4bdb0f695e0a09872d003f36be0cec8 2 1 13 0
d9eed28839bbcf4be673fc6d64f5488fc5edd142973fa849b2f3bfad721e2fb0 7 1 13 0
6bb124baf6334859c3b8e5631787a07b2097e96e636e654a891f1037b456e25a 51 2 1 115
37ac69b1cb5d01a80d263f610340ed1c0cdc776c932f1f1e0f195fbdc23c0ec3 22 1 2 2
2eb2416689be3f0f6a1de7a68f08b46c69ee3b9c031bddf463e373148388a16a 1 1 13712 0
b7f68ab321c829294bd48594c70dc83f1efb4e5d228c63c69327d3f2ca6333be 16 1 0 684
41895690e52cc1de3c273f79fb9052a3ad431f16b60fd64890efc65c68f7e985 12 12 88 47
f4293a2e9e34f37036d12e0c9564f2d577afbbeb272c294ade672e930f491bf0 1 0 0 0
19ab1e6bf4a223f4ed1dbbfc626f22b8912344fecda2bdf4b22db778c0746019 12 3 134 99
5a4c4b3fa86e46ced3ddcf5f88057b3befb54c941504237e7eefda39c71c2b3d 1 0 0 0
fe06d811eec4ae8bff2a7d575956f81f727e0b11c2c39ab6370be3b54b53bfef 1 0 0 0
c78ff4f45dcd43852aac9e4494255b4712d3d658c50a8362b378a539fec5b55d 2 2 2901 37
5318d07844b29d02089c05a8f442ca559acee1c226dea570b640a37a2423987c 3 3 928921 3
8b457a0880ee85cd1cc41bd5fa50c90f1befa3704bf4cdefe5f2fdbdce31334a 1 1 34246 0
abcba93ccd5b69bbfbab3c294b23e7b3bd90e373718d41de29b5e7f9c6292567 8928 0 0 0
1c95ca1a0a7353d61e1e566a3a3eebaa4cb7908544c17d2f9bb52cff3c6c09f4 1 1 37496 0
73b3b56edede7ce19c08dd5e0ed0f3cd8e90381b504cf810ec675558219f8074 12 2 19115 1663
592388cc43cb00b6296bd1561eaa97bd76bbeae56d330cce1246376fadf2c63e 2 2 1193 1
adf7fa44b442d32dcf857f74fd37aab473982ba852d63af17d16f217b60bc7f4 273 15 56393 2757
1cb3cf28d23d723ce07b58c96d5a3e61f94c7eb0ef38827722da32f4f38e732a 79 6 5883 3715
b2ad2d6ffd1642ae801f93ba585fb270e51f3e9a5db62d8c1f83f9faa03c9917 1 1 21 0
3272254abb3df27d8e1346dc1130fbbb486469b0e016b03458a660337aea88c9 43 2 3 3
924e5e52db356367e02bccdda49cd225689ca6c1429410baf19669e66f52eb14 3 0 0 0
d386e4c3c05ea54b8fc13787106096b9be0bb6fd5352438834931d7a5f9426d6 16 5 199 28
df542ee1931a73c602905c6b81df6329bbfbbb9eae68e7266c3d199611c935cc 53 3 187 185
787e221e415eadc261b8dbe06074284fe27f920b419297930c808c987c1e8ecc 190 0 0 0
bdb14ae0502fa6d58e070c5c7698283b759641ec540297c77ce6f2c3d2d8125b 14 0 0 0
332dd52435eaf2c7bd9d63c2e32560b0541550535df306d73d1705a82aa94515 0 0 0 0
156d10db141c9fc6900033b6f851365d50c6148b445db7145c8c9ec85764bd86 2 2 278531 2
2f54a77fd3690bf577106e6ac2836da0fa29907087ed56c7114b54386b3d01bb 13 0 0 0
d108561a63d94d16744c70f1746839c2be723585a34707c05b9a86172cf1e51b 8 1 1 1
a1857738b7189d57931144171714ff09c5fb256c2e8b45a762f9c588aedd5de6 8 1 0 1224
76a2dfc5875bb4f5826f367d68ac0c73651da79f7f9c54f341ef74d8d3951918 13 0 0 0
70d40bc47ac75c9fb78d97aceed0b25d404cd6380efef6acdc5550c61c58518b 1 1 10883 0
b7ded95921465c975be30dc7daf8754eb7bf0cd6ec3df3cff12a4048cef45942 172 0 0 0
850f72fd8d64acf476dc5748e3621459c113023f405c120e739886573e6791aa 19 0 0 0
322aeb0b4d391d2aec69ffbc45b2e68abc97aa0f9dcde42457db75216a638832 28 0 0 0
bd4e1ed24f79ed1f35323ca535e4e28109eb9189dfb40bf4d9d66f00dd25bdee 18 0 0 0
2dce704faef11b7cf6fe80348a2d003f05906796db5acd313454a4e7c99e9002 105 3 3 115
3f5bf9f71c6b74a3af7854dc5fa30db0930a6ee4a4e3a85eb6eab01a4e47480b 5 0 0 0
530ea57899259218ef2bd8b90b8a922b45397df2fe9c27b4e3cb728871995339 1 1 5788 0
6780b778b370de098336808aa5166336acc9bdfe46cc78e857e496e37b7dc4a1 1 1 21184 0
14a7e63e17c3b267fa56f206c990950a44752697a86caef660a256fb542119d5 6 0 0 0
fe966f5f239ddaf422b8597f2cf6f3c3519c0383f3085c68fd71f0562c63106f 1 1 21184 0
ce1c84db88d67f1d70f6fcc9f98c265c32dc068e2bbfd13bf259fe65aa1d6168 3 0 0 0
7740668c9f0cb129b90308dab7a78ec06776b8bd3238328f0489ef135f413a85 2 2 2472 8
41a6db7e1e591b9a7746d60877ad37ced0ebe0cb8d068a0db8ae51efa6f7f947 0 0 0 0
981fc82dfe8391c3e1089a8734504b845893f2c11e24ad8ad5c2ff1caaa41d2a 24 0 0 0
f084c5e976eb5a55f4867a7649d012a3d88f268a7c7fe20003f7831c22de2415 1 1 8123 0
782523e68e131a33d07d30c5bce5d50e91619f932c7005e817b70f23bb17b069 1 1 16543 0
1298797da1975498c8ec6986e572aba557df9c64d1d68ae4b43802b62c0f0988 18 0 0 0
861597c6ed6839188ab94dfa175e51f9ae54dfe6e29f6a873056a85bbdaae099 196 16 4305 1673
c0ba5f5b3203694f59d3f8a1e4adb7e1377e060c6f04287a52bd6edd1bb6bdd8 1 0 0 0
d133f9b11286c3bb78ede1e2401a4aba0962089d11de527977363009ba751b4c 9 9 205302 68
343e615b3a7255a79af2981b279ea484a7544a69a10c7c8499a1ecd8d4906e0e 20 20 493 350
e95d5bc25d0d3a7b32f7a754fafcb8724cefbc58e42007e66102ee7d7b7128b1 9 6 779 159
d9fb95d26a542c8560b9687b2ea9eff8318d523bfe19237c24c255355fa95a6e 1 1 27073 0
ede2134412c1e2833026a3cb747fe1aa3158edd58dc0bbe89985d61c0cc02b1a 5 5 932 121
91b06fbc6f947d1a01452592c3486a909a3189b526f930dbe167ab96ec6e1660 2 2 5304 16
38bf1102cd6664766311ee71cc977bd767b17e9ada5e17f978519cdc5b006639 1 1 14501 0
58b78fb65c6c04bd6999c7585f2ed20e41497a1fa59c6e8f692240313f62887c 2 0 0 0
c44180ce7bbff8c7c2c52f426de667faa7e0e762499c41a142669b3940552474 2 2 10 0
102a546e8c86ef47fa265d7ce14d17711e68ca5dc5711a30e0dffc960a34ea97 4 4 60137 14705
f43f48a79337509a0d4a972bec7d7a1c101620c3ddce6598f71e175144ee1766 2 2 2002 98
e8b34a83ad17f468f38b0368b2203e8fb86190c34e0ba2bbbddd96f4e6bfe4b6 17 1 5405 2504
80aaf91004368495f076eeb53c063b62419bb3b64f09b99fc807f462942bf732 98 1 10567 17
d6b4335f580c86c96fd977e5fc97f685bb30f41e1f0f8c86db07a0ea14d43db8 21 0 0 0
4c9d85fed37f5fc8f9d4d960a608c7d0249bde793786aa113c03ba3114fbeaee 5 5 6523 107
697385541738619fa4cb8fb1dfbb409deca486259e86740101420c63ad8a12fa 5603 0 0 0
ce9f109c03f1e044f071026c4012fc0dd26c709761fcaaca66572725f765a005 241 2 28669 650
6459f8e4f5bceb467beb291b88066abe15f36a6f988d4b59f1473e56fcbbedd8 63 2 49 9
d7acc7bd1b31ecefbdce818f625c3b311c67b31429c2d79f8bd2016a554d8203 8 8 27108 2812
5c1f421df9e3a84ce6714a05043e71a592392f242947a64c4aebf334467bca13 14 1 0 22
eb90fa55e278f4d667eba71c5189bd660d0917b42cd793ce9fdcf4369481af27 2 2 6789 15
ae4598be1ab6c72c607961dd3c72f163e04f21803a190b58cefe17b6719429a1 2 2 11115 18
f787da7ad82cec0242b883a4954c20308b1bd59ae4aadddf10f61df309420e3a 2 2 10841 264
92cece4807a6d7765c817cb927cb2a0673ad606f0ec3def864da7f0444dbcd15 4 4 18311 1148
64daabff02e4a77bc56743e825d2e61b3af7d89a945a874a45fa0051f6d49326 1 1 6198 0
bfbe5f35431b4160f65661407620f5c1440b586e0e48368433161cf641cf1b9c 8 8 39318 6085
583aeda547c57488ef1af5e53433b437f81f2c251d83d6e4b4fab89255d285f8 1 0 0 0
9b4d595423ae76ae3b0badecd79e5503bfe9af5b4b8d4129f43fd24a0f11a3a7 31 30 6626 1723
28620fdb656ae297d9780bb6ec48dfe67a75e77c3c77753b20c25afb97474d28 5 4 574 73
d37dfff29590b6c1b693b971ed7feffd6b6d422a746d0725caaca7db9299380c 14 13 1906 340
6ba780748cf08350674b4199baeb7ce9801e8afd14495df71c331c58be4dd404 12 12 55069 13128
cf54c418f8a7834a392105aae90f79a1b89c64ac882fedd709520fa2c2f8b6a3 62 15 1207 602
5b50b8286dd2b9ec1579dc6a7d2b3f0dda67560d8e34f3f0043fd69525b8af2e 6 6 35462 3824
dd00283c499fa66879a241e09892b57e226c5c2c067c4b9a4f0af8034502d65b 0 0 0 0
948aabe163e775902e8a9752d8c16af8c964f3d6a95636a1ae3e64a0d7cfecae 4 4 6774 322
72671c38c8a5b5fcd9258dac29dbd24c52f16aeef596923d0e90200a6c40851d 21 8 297007 604
0cbe9c96071ede950f65ec9410d0e9af4475f723bd26fb22f7b5134c1f1e66ca 670 0 0 0
09326d4cf289ea1916eb7cc690cafc5062388652750ba8f4a82bc9f52ff10b3d 40 27 335908 21556
341a9bca740d61b3a27610070cf5bf3c163fc0e9e051bd751e91c5efafeba901 1 1 9093 0
c117c04dfceaae3fbafb7d04f802bc140d74a2a4f635e40ef585d15199133cbd 6 6 310948 271
f4894df545d620ba8c3e46a20de6fc69295d192aa3cdd2f2e351285951289f7b 1 1 17069 0
e1049d3eb42fd449b91e0bd103eb744a3c9bc88aad2f9e969fc85de9a163ab86 43 43 1271595 95093
311ac34c2e737bf1fa77f7217f5790550f78c295960d769a84353f854952263a 1 1 13495 0
a15d1cb43267c10694bcb7ad2969c1b3e050127f494606cb15565129ca49442b 0 0 0 0
db7bf9f19fd5eadccdc7cd6a5889e5f45e611428958c4209b623de3a65a84b89 26 26 17295 1483
1f239c29ff540bd99992f0ca2c0bc3e769c6875ad2c09ffe73b5345e573e86a1 20 20 21001 2254
17a547363223ad71cdcf1b762cf720d25355e699ea0bcde402951f7b3d5d9864 9 0 0 0
ef619bd73157d3b43d9d076ee6e226c85fd5340e6f5ffa109fd94b29b61c4f4d 2 0 0 0
bcd58c7f46a4d2968c8b83def15b9bd5cc803042ce8ebc53d8373444ad10ad19 2 1 626 85
a23565717cfabf1852cfe8f148c5d46eaefccd2e8ac6821d2aae27fd5809d05b 4 1 626 85
4ba51da4c193078da7365b2242181b871a3793a74b1b402db1fc0465bc54c134 2 0 0 0
d9e449a4dbaff7f8be91af372d1285a70b5dee54f28db42fb7e1bf9f6fe30bb7 3 0 0 0
48d3ae06e8266fe1bc73dfa5029d5c65aa85cdb3fa4820bd35286fe44f95873f 7 0 0 0
67995ba2798787c735978a93a4c4dd090b80c14594a50080f6ad47a185cc3050 55 0 0 0
defebd9527e959720d4e48e3d88211c62b65c0275470ea542de6c9de523b3e8c 10 0 0 0
181988cea839292fc7aa7bb6e8543267e4c9539c09e34e715a18cf95460f1b6e 41 0 0 0
a93f6b81e4010cc59fa0e933634a9a871a1aac336b61dba76357359575b369b1 63 60 34547 10093
0aeaa71da8b32801d8ae4344acfc9a6dbddc9b815ac0ca2640629c1704a4c0e3 2 2 716 0
02147bf3866f9d03335b992145377fc03b1c1919bf2489d58fb069969e3765e5 4 1 8336 0
62696f69193bb50fadd7689f6da93d6a6136e919c14bac3f5b83b2e25722aafc 14 8 115842 24156
6643b33dc7c516f6f3d6cb7d800008265e7af3120c3aa3589785565c31d72120 1 0 0 0
8609af430b9fb4209937cb0d5022c4164c87c7bbe06695737bdc3a7cb3098e21 1 0 0 0
26e13f51ed0fcd0764708748382d4d8a0a5bc3eefb06d7602bd50191afd42fb0 25 23 41594 5705
5d011db7685b12f25edcc281ca96be3ffbb66d36fe57596c375340638b2633a4 7 7 9215 244
c17a2e65813fafec2c4794ab8bfba708b932f9b1052b8a4463b5250b449a1b05 20 20 8150 285
369e44bbc298e209ff0f7daab267e1b3b4ae64eb017075e86d97b7242011fb6e 1 1 636 0
9e63102b96e7f60217984cab8894bb87b1d2504cf7844750f863931bb0528654 3 3 5043 15
cc38ef03d84cc30b1ad700e974ff4cced36eca46bb6c85166c7badd8002806a5 6 6 8998 218
a3abc5836afc825804aa869e0eff17b73aba985d2510d390d17ae4bd28fa0577 4 4 12845 593
9edc3d41c0afd607db29bf201c9e3b6ef8f05e190ea36b67ee9ed10d42345cb0 78 78 385381 10692
07171de2ca1e8f9b9197a6901afdd1c0da58b48b1520d2e1ff0e3ae0143c140a 20 20 2666 896
e6e1e663eb5d1dd8971b1fbb0ca7d7516a304d8c75ed3ea23b42a437a91eb7ba 135 0 0 0
b3f0475551dde13d49b1a9754bef97585cbe23fa717f8b9f87a86f94ba29829d 0 0 0 0
5e0cbf0b59b28c07e99cd262dbda9fada5b222596c9a537f59965852442730d4 4 4 51599 4059
